15889
15890
15891
15892
15893
15894
15895
15896
15898
15899
15901
15902
15906
15908
15909
15910
15912
15913
15914
15915
15918
15919
15921
15922
15924
15925
15927
15928
15932
15933
15936
15937
15939
15940
15941
15946
15947
15949
15951
15958
15959
15960
15962
15964
15965
15966
15969
15970
15971
15973
15975
15976
15977
15978
15980
15982
15983
15986
15990
15991
15994
15996
15998
16002
16003
16004
16005
16008
16010
16012
16013
16014
16015
16016
16017
16018
16019
16020
16021
16023
16024
16025
16026
16027
16029
16030
16031
16032
16033
16034
16035
16036
16037
16038
16039
16040
16041
16042
16043
16045
16046
16047
16048
16049
16050
16051
16052
16053
16054
16055
16056
16057
16058
16059
16060
16061
16062
16063
16064
16065
16066
16067
16068
16069
16070
16071
16072
16073
16074
16075
16076
16077
16078
16079
16080
16081
16082
16083
16084
16085
16086
16087
16088
16090
16091
16092
16093
16094
16095
16096
16097
16098
16099
16100
16101
16103
16104
16105
16106
16107
16108
16109
16110
16111
16112
16113
16114
16115
16116
16117
16118
16119
16120
16121
16122
16123
16124
16125
16126
16127
16128
16129
16130
16131
16132
16133
16134
16135
16136
16137
16138
16139
16140
16141
16142
16143
16145
16146
16147
16148
16149
16150
16151
16152
16153
16154
16155
16156
16157
16158
16159
16160
16161
16163
16164
16165
16166
16167
16168
16169
16171
16172
16173
16174
16175
16176
16177
16178
16179
16181
16182
16183
16184
16185
16186
16187
16188
16189
16190
16191
16192
16193
16194
16195
16196
16197
16198
16199
16200
16201
16203
16206
16207
16208
16209
16210
16211
16212
16213
16214
16215
16216
16218
16219
16220
16221
16222
16223
16224
16225
16226
16227
16228
16229
16231
16232
16233
16234
16235
16236
16237
16238
16239
16240
16241
16243
16244
16245
16246
16247
16248
16249
16251
16253
16255
16256
16257
16258
16259
16260
16261
16263
16264
16265
16267
16268
16269
16270
16271
16272
16274
16275
16276
16277
16278
16279
16280
16283
16286
16287
16288
16289
16290
16291
16293
16296
16297
16298
16300
16301
16302
16305
16307
16309
16311
16312
16313
16315
16316
16317
16318
16320
16321
16322
16323
16325
16326
16327
16333
16334
16337
16338
16341
16342
16343
16345
16346
16347
16349
16351
16352
16353
16354
16355
16356
16357
16358
16359
16361
16363
16364
16375
16376
16377
16379
16380
16381
16382
16385
16387
16388
16389
16390
16396
16397
16398
16399
16400
16403
16404
16406
16407
16409
16410
16411
16420
16423
16424
16425
16426

