19958
19961
19962
19964
19967
19968
19972
19975
19984
19990
19993
19995
19996
20001
20010
20011
20012
20016
20018
20026
20037
20040
20041
20049
20056
20057
20059
20063
20066
20067
20069
20070
20072
20078
20090
20091
20093
20099
20103
20108
20110
20111
20121
20123
20132
20136
20139
20141
20148
20149
20155
20164
20167
20171
20176
20181
20182
20183
20193
20195
20196
20197
20201
20202
20203
20205
20215
20243
20255
20263
20265
20271
20289
20295
20296
20297
20301
20304
20453
20461
20530
20549
20592
20595
